236.513	48.389	10.874	5.847	0.160	0.179	0.000	0	1	ALBH_PAN
237.858	48.174	6.873	3.833	0.182	0.172	0.000	0	1	ARLI_PAN
237.330	42.181	1.259	7.176	0.362	0.204	0.000	0	1	ASHL_PAN
234.865	48.835	13.770	7.166	0.266	0.202	0.000	0	1	BAMF_PAN
237.543	48.002	5.193	4.245	1.757	0.825	0.000	0	1	BAYV_PAN
236.572	48.429	10.815	4.436	0.306	0.200	0.000	0	1	BCES_PAN
237.809	47.614	8.738	4.402	0.309	0.322	0.000	0	1	BCIT_PAN
237.343	49.104	6.280	2.659	0.281	0.298	0.000	0	1	BCLC_PAN
236.853	49.115	8.734	4.820	0.238	0.252	0.000	0	1	BCLI_PAN
237.462	49.221	5.223	2.320	0.202	0.199	0.000	0	1	BCMR_PAN
236.550	48.648	10.714	5.559	0.231	0.249	0.000	0	1	BCNS_PAN
233.157	50.544	2.778	2.941	0.150	0.165	0.000	0	1	BCOV_PAN
232.625	50.685	2.680	2.376	0.167	0.278	0.000	0	1	BCPH_PAN
237.141	49.192	6.524	3.683	0.171	0.253	0.000	0	1	BCSF_PAN
236.201	48.559	11.149	3.943	0.279	0.303	0.000	0	1	BCSM_PAN
236.911	49.276	7.335	3.571	0.220	0.241	0.000	0	1	BCVC_PAN
237.521	48.755	6.244	4.053	0.184	0.194	0.000	0	0	BELI_PAN
237.875	47.617	5.303	3.152	0.287	0.281	0.000	0	1	BFIR_PAN
235.748	47.539	14.872	11.219	0.771	0.917	0.000	0	1	BILS_PAN
237.817	47.599	6.963	3.896	0.738	3.256	0.000	0	1	BLVU_PAN
236.984	49.270	5.889	3.553	0.472	0.554	0.000	0	1	BRN3_PAN
236.978	49.275	8.276	3.403	0.670	0.937	0.000	0	1	BRNB_PAN
237.868	47.554	5.845	3.808	0.393	0.294	0.000	0	1	BSUM_PAN
237.203	45.486	5.885	6.076	0.679	0.553	0.000	0	1	BTON_PAN
235.437	42.836	6.825	13.632	0.143	0.148	0.000	0	1	CABL_PAN
236.633	46.197	8.032	8.324	0.187	0.221	0.000	0	1	CATH_PAN
238.174	47.527	3.637	5.232	1.029	2.401	0.000	0	1	CH2M_PAN
237.224	48.011	9.739	5.631	0.204	0.209	0.000	0	1	CHCM_PAN
238.214	43.224	0.030	4.544	0.170	0.201	0.000	0	1	CHEM_PAN
237.091	46.612	7.721	5.155	0.478	0.583	0.000	0	1	CHST_PAN
237.992	49.157	4.043	2.065	0.125	0.149	0.000	0	1	CHWK_PAN
236.022	45.486	9.961	9.919	0.209	0.186	0.000	0	1	CHZZ_PAN
237.911	42.976	-0.368	6.684	0.282	0.302	0.000	0	1	CLCV_PAN
237.864	42.896	0.555	5.314	0.605	1.398	0.000	0	1	CLHQ_PAN
237.984	42.923	0.318	4.827	0.813	0.845	0.000	0	1	CLMS_PAN
235.869	48.820	11.700	4.405	0.231	0.254	0.000	0	1	CLRS_PAN
237.851	42.934	0.676	5.569	0.448	0.569	0.000	0	1	CLWZ_PAN
235.604	40.442	-6.703	31.318	0.281	0.435	0.000	0	1	CME1_PAN
238.251	48.539	4.101	2.651	0.160	0.218	0.000	0	1	CNCR_PAN
236.695	44.586	6.010	8.375	0.143	0.145	0.000	0	1	CORV_PAN
237.315	48.217	10.725	4.938	0.224	0.208	0.000	0	1	COUP_PAN
237.743	46.840	6.532	4.625	0.149	0.154	0.000	0	1	CPXF_PAN
237.743	46.840	6.950	4.468	0.137	0.141	0.000	0	0	CPXX_PAN
237.088	46.275	6.627	6.930	0.182	0.181	0.000	0	1	CROK_PAN
237.764	47.380	6.710	3.830	0.205	0.171	0.000	0	1	CSKI_PAN
237.106	42.377	1.849	8.313	0.202	0.188	0.000	0	1	CTPT_PAN
236.780	47.423	8.525	5.709	0.261	0.303	0.000	0	1	CUSH_PAN
237.504	45.611	6.421	5.807	0.241	0.177	0.000	0	1	CVO1_PAN
236.756	43.119	2.250	7.587	0.190	0.164	0.000	0	1	DDSN_PAN
237.520	48.753	5.028	2.553	0.371	0.358	0.000	0	1	DEA2_PAN
237.327	45.507	7.472	6.982	0.317	0.520	0.000	0	1	DEA3_PAN
236.074	47.469	12.143	8.443	0.321	0.429	0.000	0	1	DEEJ_PAN
237.920	47.774	4.987	4.323	0.669	1.165	0.000	0	1	DWH1_PAN
232.877	49.873	8.463	4.710	0.223	0.204	0.000	0	1	ELIZ_PAN
237.240	47.498	8.437	4.337	0.192	0.194	0.000	0	1	ELSR_PAN
238.044	47.206	5.124	3.613	0.189	0.211	0.000	0	1	ENUM_PAN
237.431	47.803	10.285	5.952	0.243	0.315	0.000	0	1	ESM1_PAN
236.044	46.205	10.818	8.415	0.281	0.290	0.000	0	1	FTS1_PAN
233.873	49.681	8.921	4.188	0.339	0.274	0.000	0	1	GLDR_PAN
238.712	46.020	2.654	3.549	0.455	0.287	0.000	0	1	GLNW_PAN
238.712	46.020	2.929	2.655	0.377	0.352	0.000	0	0	GLWD_PAN
236.978	46.795	7.322	6.323	0.212	0.209	0.000	0	1	GRMD_PAN
237.873	48.195	5.268	4.070	0.473	0.369	0.000	0	1	GRP4_PAN
236.703	42.434	1.089	9.001	0.215	0.199	0.000	0	1	GTPS_PAN
238.673	45.783	3.800	3.364	0.372	0.298	0.000	0	1	GWEN_PAN
238.212	47.291	4.729	2.789	0.257	0.237	0.000	0	1	HAHD_PAN
238.531	40.816	-5.582	5.247	0.184	0.166	0.000	0	1	HCRO_PAN
237.161	47.048	5.774	4.875	0.988	0.716	0.000	0	1	HGP1_PAN
236.891	44.377	4.327	7.210	0.344	0.389	0.000	0	1	HLSY_PAN
231.865	50.640	1.752	2.738	0.161	0.192	0.000	0	1	HOLB_PAN
238.151	44.120	0.987	6.831	0.268	0.271	0.000	0	1	HUSB_PAN
235.961	46.306	11.045	9.420	0.356	0.362	0.000	0	1	IWAC_PAN
237.010	45.523	7.609	8.006	0.216	0.317	0.000	0	1	JIME_PAN
237.563	48.562	6.284	3.319	0.334	0.224	0.000	0	1	JOBO_PAN
237.104	46.118	6.784	5.980	0.317	0.294	0.000	0	1	KELS_PAN
238.216	42.224	-1.999	5.355	0.209	0.235	0.000	0	1	KFRC_PAN
237.679	47.803	8.204	4.530	0.243	0.231	0.000	0	1	KRMT_PAN
237.205	47.547	8.858	4.578	0.146	0.166	0.000	0	1	KTBW_PAN
236.894	44.634	6.319	6.940	0.268	0.293	0.000	0	1	LCSO_PAN
235.892	43.984	7.872	9.772	0.171	0.142	0.000	0	1	LFLO_PAN
238.169	47.944	5.061	2.842	0.198	0.156	0.000	0	1	LKCP_PAN
237.242	47.219	7.196	5.663	0.182	0.173	0.000	0	1	LNGB_PAN
236.910	44.051	5.175	7.460	0.200	0.186	0.000	0	1	LPSB_PAN
238.310	47.695	4.912	3.266	0.180	0.217	0.000	0	1	LSIG_PAN
235.946	46.278	11.876	10.715	0.302	0.252	0.000	0	1	LWCK_PAN
237.044	44.974	7.132	8.050	0.222	0.269	0.000	0	1	MCSO_PAN
235.411	48.371	15.195	8.198	0.197	0.286	0.000	0	1	MKAH_PAN
236.397	46.983	10.959	6.323	0.358	0.255	0.000	0	1	MONT_PAN
235.914	49.295	8.108	5.337	0.187	0.156	0.000	0	1	NANO_PAN
235.375	48.298	12.096	8.387	0.192	0.226	0.000	0	1	NEAH_PAN
235.938	44.585	10.016	10.226	0.351	0.183	0.000	0	1	NEWP_PAN
238.203	47.495	4.657	3.381	0.324	0.388	0.000	0	1	NINT_PAN
233.383	49.592	9.916	6.739	0.266	0.206	0.000	0	1	NTKA_PAN
237.024	45.300	7.856	8.699	0.335	0.364	0.000	0	1	NWBG_PAN
237.555	43.738	2.516	5.983	0.263	0.179	0.000	0	1	OAKR_PAN
236.902	44.066	4.690	6.974	0.201	0.226	0.000	0	1	OBEC_PAN
235.840	46.952	14.519	11.768	0.283	0.228	0.000	0	1	OCEN_PAN
236.999	44.897	7.269	7.533	0.230	0.244	0.000	0	1	ODOT_PAN
237.092	46.961	8.198	6.513	0.199	0.236	0.000	0	1	OLAR_PAN
237.105	47.045	8.212	5.679	0.242	0.240	0.000	0	1	OLMP_PAN
235.926	44.514	8.858	10.432	0.352	0.181	0.000	0	1	ONAB_PAN
237.664	48.418	4.093	3.139	0.319	0.240	0.000	0	0	OTIS_PAN
237.795	47.475	5.394	3.679	0.324	0.196	0.000	0	1	OYLR_PAN
235.925	40.876	3.078	17.271	0.221	0.172	0.000	0	1	P058_PAN
236.274	38.928	-23.650	36.564	0.205	0.142	0.000	0	1	P059_PAN
237.585	40.998	-4.063	6.571	0.258	0.208	0.000	0	1	P060_PAN
235.986	42.967	4.152	10.769	0.330	0.278	0.000	0	1	P061_PAN
236.512	47.970	10.799	5.242	0.602	0.418	0.000	0	1	P064_PAN
236.640	41.807	-1.110	8.937	0.174	0.191	0.000	0	1	P154_PAN
236.811	41.272	-3.079	8.555	0.229	0.191	0.000	0	1	P155_PAN
236.094	40.024	-18.645	24.642	0.232	0.298	0.000	0	1	P156_PAN
235.692	40.248	-16.502	34.172	0.229	0.291	0.000	0	1	P157_PAN
235.893	40.422	-3.756	23.100	0.227	0.230	0.000	0	1	P158_PAN
235.717	40.505	-1.472	26.129	0.169	0.244	0.000	0	1	P159_PAN
235.867	40.551	-0.623	21.677	0.280	0.204	0.000	0	1	P160_PAN
235.787	40.637	2.051	21.005	0.209	0.246	0.000	0	1	P161_PAN
235.763	40.691	3.571	21.227	0.210	0.219	0.000	0	1	P162_PAN
235.943	40.220	-13.497	25.247	0.219	0.222	0.000	0	1	P163_PAN
236.307	40.119	-13.688	15.863	0.174	0.176	0.000	0	1	P164_PAN
236.147	40.245	-9.860	18.504	0.201	0.222	0.000	0	1	P165_PAN
236.137	40.435	-4.006	17.207	0.236	0.200	0.000	0	1	P166_PAN
236.120	40.544	-2.442	16.091	0.225	0.231	0.000	0	1	P167_PAN
236.118	40.669	-0.247	14.419	0.312	0.209	0.000	0	1	P168_PAN
236.032	40.791	2.375	16.080	0.168	0.172	0.000	0	1	P169_PAN
236.137	40.880	-0.523	12.359	0.302	0.267	0.000	0	1	P170_PAN
236.315	42.099	3.066	11.205	0.199	0.201	0.000	0	1	P179_PAN
236.291	39.117	-22.685	31.103	0.165	0.165	0.000	0	1	P184_PAN
236.251	39.261	-21.435	29.909	0.210	0.162	0.000	0	1	P185_PAN
236.482	39.150	-19.904	26.702	0.177	0.174	0.000	0	1	P186_PAN
236.397	39.352	-22.500	24.269	0.237	0.259	0.000	0	1	P187_PAN
236.652	38.987	-19.625	26.972	0.223	0.220	0.000	0	1	P189_PAN
236.796	39.242	-14.986	18.388	0.189	0.241	0.000	0	1	P190_PAN
236.368	42.275	1.995	9.265	0.240	0.181	0.000	0	1	P191_PAN
236.895	39.320	-13.811	15.877	0.221	0.187	0.000	0	1	P192_PAN
237.041	38.665	-16.274	27.331	0.222	0.208	0.000	0	1	P195_PAN
237.083	38.866	-13.759	16.946	0.242	0.217	0.000	0	1	P203_PAN
237.290	38.666	-11.712	19.177	0.156	0.181	0.000	0	1	P204_PAN
237.037	39.398	-15.888	14.909	0.414	0.434	0.000	0	1	P205_PAN
237.424	38.778	-9.898	15.597	0.159	0.180	0.000	0	1	P206_PAN
237.281	39.260	-11.314	8.170	0.185	0.223	0.000	0	1	P207_PAN
237.696	39.109	-9.230	8.062	0.165	0.174	0.000	0	1	P208_PAN
237.646	38.999	-7.826	8.435	0.200	0.195	0.000	0	1	P269_PAN
237.945	39.244	-9.177	7.545	0.202	0.185	0.000	0	1	P270_PAN
238.057	39.145	-8.732	7.043	0.212	0.169	0.000	0	1	P272_PAN
236.302	39.529	-21.619	25.693	0.211	0.271	0.000	0	1	P312_PAN
236.435	39.554	-21.090	22.668	0.252	0.219	0.000	0	1	P313_PAN
236.418	39.686	-21.155	20.110	0.190	0.165	0.000	0	1	P314_PAN
236.283	39.864	-19.736	21.188	0.242	0.180	0.000	0	1	P315_PAN
235.914	41.559	0.401	10.679	0.247	0.272	0.000	0	1	P316_PAN
236.448	39.906	-15.629	14.864	0.228	0.194	0.000	0	1	P317_PAN
236.628	39.452	-16.030	15.789	0.225	0.171	0.000	0	1	P318_PAN
236.705	39.707	-16.070	10.027	0.183	0.214	0.000	0	1	P319_PAN
236.813	39.493	-16.045	14.690	0.203	0.225	0.000	0	1	P320_PAN
236.605	39.897	-13.886	16.200	0.262	0.243	0.000	0	1	P321_PAN
236.818	39.962	-9.926	8.686	0.226	0.190	0.000	0	1	P322_PAN
236.344	40.257	-8.410	14.874	0.298	0.202	0.000	0	1	P324_PAN
236.117	41.152	0.946	11.176	0.225	0.160	0.000	0	1	P325_PAN
236.301	40.575	-4.221	9.390	0.207	0.193	0.000	0	1	P326_PAN
236.427	40.479	-5.943	9.425	0.267	0.197	0.000	0	1	P327_PAN
236.548	40.082	-12.760	13.257	0.247	0.192	0.000	0	1	P329_PAN
236.865	40.324	-6.140	7.753	0.332	0.175	0.000	0	1	P330_PAN
236.676	40.733	-2.522	8.546	0.287	0.209	0.000	0	1	P331_PAN
236.826	40.547	-4.578	7.980	0.329	0.213	0.000	0	1	P332_PAN
237.024	39.621	-10.144	8.982	0.201	0.202	0.000	0	1	P333_PAN
237.264	39.494	-9.767	8.112	0.270	0.206	0.000	0	1	P334_PAN
237.126	39.726	-10.226	8.398	0.200	0.216	0.000	0	1	P335_PAN
237.570	39.528	-8.383	7.442	0.202	0.150	0.000	0	1	P336_PAN
237.131	40.296	-7.024	8.181	0.235	0.253	0.000	0	1	P337_PAN
237.077	40.748	-5.408	7.385	0.198	0.202	0.000	0	1	P338_PAN
237.332	40.034	-8.456	7.630	0.207	0.187	0.000	0	1	P339_PAN
236.950	39.409	-9.416	5.111	0.394	0.634	0.000	0	1	P340_PAN
237.393	40.651	-5.472	8.250	0.246	0.207	0.000	0	1	P341_PAN
236.666	40.887	-2.170	8.939	0.305	0.231	0.000	0	1	P343_PAN
237.972	39.929	-8.964	7.128	0.188	0.137	0.000	0	1	P344_PAN
237.729	40.271	-7.437	7.120	0.268	0.154	0.000	0	1	P345_PAN
238.172	40.906	-5.846	5.934	0.187	0.145	0.000	0	1	P348_PAN
237.681	40.731	-4.981	7.192	0.214	0.187	0.000	0	1	P349_PAN
235.774	42.209	4.505	10.458	0.211	0.185	0.000	0	1	P362_PAN
235.946	42.860	3.605	11.130	0.205	0.229	0.000	0	1	P363_PAN
235.591	43.090	7.369	11.931	0.226	0.146	0.000	0	1	P364_PAN
235.747	43.395	6.128	10.700	0.191	0.144	0.000	0	1	P365_PAN
236.020	43.614	5.613	10.335	0.179	0.169	0.000	0	1	P366_PAN
235.938	44.585	11.360	10.157	0.175	0.138	0.000	0	0	P367_PAN
236.617	42.504	1.186	9.406	0.201	0.167	0.000	0	1	P368_PAN
236.570	43.140	2.857	8.626	0.169	0.172	0.000	0	1	P369_PAN
237.344	42.191	1.070	7.441	0.185	0.189	0.000	0	1	P370_PAN
236.942	43.363	2.784	7.279	0.181	0.150	0.000	0	1	P371_PAN
236.667	43.623	3.439	8.584	0.227	0.220	0.000	0	1	P373_PAN
236.409	44.382	5.184	9.870	0.199	0.237	0.000	0	1	P374_PAN
236.573	44.689	7.044	9.801	0.189	0.250	0.000	0	1	P375_PAN
236.898	44.941	7.582	8.638	0.168	0.174	0.000	0	1	P376_PAN
237.113	44.052	4.559	6.384	0.182	0.150	0.000	0	1	P377_PAN
237.069	44.535	5.939	7.000	0.170	0.142	0.000	0	1	P378_PAN
237.423	44.496	4.289	5.608	0.384	0.336	0.000	0	1	P379_PAN
238.220	42.260	-1.045	4.878	0.162	0.149	0.000	0	1	P380_PAN
238.231	43.177	-0.091	4.788	0.158	0.180	0.000	0	1	P382_PAN
237.783	44.342	2.970	5.124	0.207	0.169	0.000	0	1	P383_PAN
237.517	44.841	5.985	5.944	0.160	0.182	0.000	0	1	P384_PAN
238.054	44.435	3.449	4.776	0.230	0.215	0.000	0	1	P385_PAN
238.425	44.297	2.455	3.839	0.213	0.201	0.000	0	1	P387_PAN
236.142	45.022	10.684	10.032	0.192	0.210	0.000	0	1	P395_PAN
236.177	45.309	10.687	11.141	0.261	0.254	0.000	0	1	P396_PAN
236.201	46.422	11.157	8.865	0.179	0.162	0.000	0	1	P397_PAN
236.084	46.926	12.368	8.430	0.146	0.157	0.000	0	1	P398_PAN
236.387	47.434	12.625	8.728	0.373	0.321	0.000	0	1	P399_PAN
236.188	47.514	12.546	7.215	0.416	0.345	0.000	0	1	P400_PAN
235.443	47.937	16.726	9.766	0.165	0.128	0.000	0	0	P401_PAN
235.694	47.766	15.642	9.597	0.215	0.179	0.000	0	1	P402_PAN
235.859	48.062	15.547	9.337	0.217	0.283	0.000	0	1	P403_PAN
236.610	45.158	6.992	9.645	0.148	0.168	0.000	0	1	P404_PAN
236.356	45.629	9.988	9.629	0.205	0.208	0.000	0	1	P405_PAN
236.848	45.190	6.691	8.323	0.144	0.156	0.000	0	1	P406_PAN
236.069	45.955	13.275	8.138	0.186	0.223	0.000	0	1	P407_PAN
236.623	46.201	8.183	8.713	0.145	0.207	0.000	0	1	P408_PAN
236.761	45.851	6.786	7.483	0.141	0.197	0.000	0	1	P409_PAN
236.921	46.111	6.767	7.066	0.195	0.225	0.000	0	1	P410_PAN
236.843	45.538	6.866	8.080	0.219	0.186	0.000	0	1	P411_PAN
237.411	45.221	7.201	6.469	0.146	0.189	0.000	0	1	P412_PAN
237.307	45.835	7.448	6.613	0.154	0.133	0.000	0	1	P414_PAN
236.270	46.656	11.271	7.933	0.201	0.159	0.000	0	1	P415_PAN
236.702	46.575	8.032	7.614	0.188	0.162	0.000	0	1	P417_PAN
236.592	47.237	10.801	7.308	0.163	0.238	0.000	0	1	P418_PAN
236.633	47.409	9.572	5.501	0.359	0.241	0.000	0	1	P419_PAN
237.134	46.589	6.919	6.217	0.167	0.186	0.000	0	1	P420_PAN
237.571	46.532	7.100	5.419	0.142	0.143	0.000	0	1	P421_PAN
237.059	47.288	7.326	6.263	0.157	0.188	0.000	0	1	P423_PAN
237.125	47.823	10.153	5.797	0.277	0.284	0.000	0	1	P424_PAN
237.155	46.453	7.577	6.468	0.166	0.154	0.000	0	1	P425_PAN
237.485	47.803	9.877	4.743	0.199	0.189	0.000	0	1	P426_PAN
237.659	45.430	5.887	5.570	0.179	0.158	0.000	0	1	P427_PAN
238.123	45.676	4.708	4.349	0.202	0.173	0.000	0	1	P429_PAN
236.564	47.004	8.663	7.652	0.274	0.280	0.000	0	1	P430_PAN
238.012	46.572	4.750	4.542	0.247	0.176	0.000	0	1	P431_PAN
238.317	46.623	4.695	3.893	0.139	0.159	0.000	0	1	P432_PAN
238.924	47.740	3.562	2.146	0.163	0.185	0.000	0	1	P434_PAN
236.497	48.059	11.517	6.481	0.259	0.284	0.000	0	1	P435_PAN
236.866	48.045	10.503	7.587	0.168	0.210	0.000	0	1	P436_PAN
237.541	48.002	9.098	4.719	0.173	0.179	0.000	0	0	P437_PAN
237.330	48.419	9.978	4.429	0.227	0.167	0.000	0	1	P438_PAN
237.091	48.708	9.353	5.274	0.160	0.203	0.000	0	1	P439_PAN
237.507	48.856	6.873	3.881	0.192	0.308	0.000	0	1	P440_PAN
237.860	48.916	5.082	2.257	0.216	0.251	0.000	0	1	P441_PAN
238.385	48.261	4.855	2.595	0.251	0.228	0.000	0	1	P442_PAN
238.714	48.510	3.876	1.047	0.310	0.321	0.000	0	1	P443_PAN
237.107	46.116	7.460	6.892	0.190	0.183	0.000	0	0	P446_PAN
238.493	41.712	-3.125	4.692	0.153	0.200	0.000	0	1	P672_PAN
238.387	41.586	-1.547	6.452	0.252	0.248	0.000	0	1	P673_PAN
238.510	41.616	-4.950	4.479	0.158	0.160	0.000	0	1	P674_PAN
236.109	43.392	5.201	9.874	0.172	0.195	0.000	0	1	P732_PAN
235.587	42.442	5.065	12.549	0.173	0.177	0.000	0	1	P733_PAN
235.707	42.077	3.290	11.167	0.183	0.203	0.000	0	1	P734_PAN
236.769	42.692	2.253	9.377	0.191	0.261	0.000	0	1	P735_PAN
238.120	42.580	-1.271	5.136	0.168	0.168	0.000	0	1	P736_PAN
237.390	42.727	1.051	6.923	0.247	0.206	0.000	0	1	P737_PAN
237.580	41.831	-0.623	6.282	0.267	0.183	0.000	0	1	P784_PAN
236.020	41.846	3.244	11.376	0.296	0.217	0.000	0	1	P786_PAN
236.427	40.479	-6.120	9.612	0.267	0.238	0.000	0	0	P793_PAN
237.036	39.846	-9.133	8.724	0.320	0.395	0.000	0	1	P794_PAN
235.443	47.937	16.880	9.617	0.199	0.214	0.000	0	1	P815_PAN
235.443	47.937	16.788	10.004	0.212	0.199	0.000	0	0	P816_PAN
235.795	47.213	15.356	11.573	0.130	0.112	0.000	0	1	PABH_PAN
237.429	47.172	7.749	5.325	0.281	0.174	0.000	0	1	PCOL_PAN
236.672	44.919	5.892	9.873	0.657	0.583	0.000	0	1	PCS2_PAN
236.672	44.919	6.071	8.501	0.438	0.500	0.000	0	0	PCSO_PAN
237.391	45.597	7.114	5.770	0.278	0.207	0.000	0	1	PDXA_PAN
237.419	45.566	5.834	6.082	0.770	0.824	0.000	0	1	PDXB_PAN
237.792	47.982	4.019	3.473	1.514	0.882	0.000	0	0	PER1_PAN
237.718	47.898	8.287	3.798	0.191	0.200	0.000	0	1	PFLD_PAN
236.549	48.648	10.714	5.743	0.169	0.203	0.000	0	0	PGC5_PAN
238.323	46.600	3.887	3.760	0.249	0.282	0.000	0	1	PKWD_PAN
238.313	43.991	1.740	3.290	0.315	0.299	0.000	0	1	PMAR_PAN
236.585	48.101	8.308	6.365	0.520	0.662	0.000	0	1	PNCL_PAN
237.333	47.755	5.969	5.852	1.457	0.776	0.000	0	1	POUL_PAN
237.391	47.391	7.715	4.386	0.188	0.153	0.000	0	1	PRDY_PAN
237.680	47.451	6.625	4.530	0.401	0.291	0.000	0	1	PSEA_PAN
237.510	42.755	1.534	6.517	0.213	0.203	0.000	0	1	PSPT_PAN
236.506	48.117	11.621	6.912	0.225	0.289	0.000	0	1	PTAA_PAN
235.139	49.256	9.336	5.017	0.232	0.206	0.000	0	1	PTAL_PAN
235.587	48.544	14.038	7.260	0.235	0.228	0.000	0	1	PTRF_PAN
235.745	41.783	4.215	12.578	0.155	0.133	0.000	0	1	PTSG_PAN
236.914	49.004	NaN	NaN	NaN	NaN	0.000	0	0	PTWA_PAN
237.992	47.499	5.583	2.997	0.572	0.422	0.000	0	1	PUPU_PAN
234.669	50.133	5.362	4.574	0.171	0.217	0.000	0	1	QUAD_PAN
235.892	43.701	6.864	10.775	0.176	0.187	0.000	0	1	REED_PAN
237.625	47.388	7.237	4.935	0.505	0.386	0.000	0	1	RPT1_PAN
236.641	43.235	3.073	9.335	0.623	0.754	0.000	0	1	RSBG_PAN
236.270	46.684	11.686	8.199	0.178	0.217	0.000	0	1	RYMD_PAN
236.579	48.567	NaN	NaN	NaN	NaN	0.000	0	0	SACH_PAN
237.967	47.540	6.571	3.911	0.315	0.294	0.000	0	1	SAMM_PAN
236.459	46.966	7.795	6.589	0.765	0.778	0.000	0	1	SATS_PAN
236.992	48.546	10.366	5.639	0.163	0.191	0.000	0	1	SC02_PAN
236.296	47.818	14.879	7.691	0.290	0.310	0.000	0	1	SC03_PAN
236.296	48.923	10.404	5.906	0.189	0.172	0.000	0	1	SC04_PAN
236.078	45.984	11.221	8.530	0.213	0.201	0.000	0	1	SEAS_PAN
237.690	47.654	8.483	3.861	0.166	0.186	0.000	0	1	SEAT_PAN
237.762	48.504	6.831	3.431	0.349	0.347	0.000	0	1	SEDK_PAN
237.776	48.522	6.714	3.299	0.162	0.174	0.000	0	1	SEDR_PAN
236.887	48.091	10.850	5.271	0.249	0.278	0.000	0	1	SEQM_PAN
238.116	45.694	5.408	3.537	0.444	0.366	0.000	0	1	SKMA_PAN
237.655	47.523	7.664	4.154	0.230	0.165	0.000	0	1	SMAI_PAN
238.612	47.392	4.008	2.927	0.251	0.216	0.000	0	1	SNOQ_PAN
236.898	48.083	10.664	8.164	0.373	0.610	0.000	0	1	SQIM_PAN
237.685	47.682	8.455	3.826	0.193	0.191	0.000	0	1	SSHO_PAN
237.179	44.831	6.589	6.603	0.189	0.143	0.000	0	1	STAY_PAN
237.266	44.396	5.696	6.259	0.427	0.333	0.000	0	1	STHM_PAN
236.671	42.987	2.856	7.918	0.486	0.378	0.000	0	1	SUHS_PAN
238.179	39.206	-9.384	7.016	0.166	0.211	0.000	0	1	SUTB_PAN
237.529	47.229	7.559	5.380	0.249	0.227	0.000	0	1	TACO_PAN
234.092	49.154	13.680	7.816	0.279	0.284	0.000	0	1	TFNO_PAN
237.712	47.106	6.267	4.230	0.193	0.153	0.000	0	1	THUN_PAN
236.169	45.455	10.618	9.574	0.244	0.186	0.000	0	1	TILL_PAN
236.232	46.209	10.904	8.479	0.186	0.182	0.000	0	1	TPW2_PAN
237.813	47.709	4.721	3.765	0.391	0.305	0.000	0	1	TRI1_PAN
235.849	41.054	4.301	16.105	0.152	0.201	0.000	0	1	TRND_PAN
237.088	46.984	6.977	5.779	0.336	0.373	0.000	0	1	TUMW_PAN
237.077	47.016	7.788	6.362	0.172	0.181	0.000	0	1	TWHL_PAN
234.458	48.926	13.526	8.403	0.204	0.167	0.000	0	1	UCLU_PAN
237.333	47.755	10.529	4.651	0.178	0.252	0.000	0	0	UFDA_PAN
237.484	45.618	6.910	5.571	0.242	0.204	0.000	0	1	VCWA_PAN
237.663	48.418	8.281	4.582	0.246	0.244	0.000	0	1	VERN_PAN
237.010	45.523	6.985	8.175	0.332	0.280	0.000	0	0	WACO_PAN
237.031	46.675	7.986	6.407	0.287	0.281	0.000	0	1	WACS_PAN
237.792	47.981	5.829	3.716	0.268	0.306	0.000	0	1	WAEV_PAN
237.161	47.048	3.091	4.275	0.567	0.805	0.000	0	0	WAOY_PAN
237.130	45.171	8.576	8.069	0.269	0.245	0.000	0	1	WDBN_PAN
237.437	45.779	6.420	6.495	0.325	0.351	0.000	0	1	WEBG_PAN
237.795	47.977	6.324	1.751	0.573	1.929	0.000	0	1	WEEZ_PAN
237.304	48.313	6.994	6.068	0.834	0.887	0.000	0	1	WHD1_PAN
238.403	45.131	3.831	3.697	0.321	0.264	0.000	0	1	WMSG_PAN
233.395	50.212	5.086	2.128	0.435	0.505	0.000	0	1	WOST_PAN
237.289	41.732	-0.260	7.308	0.240	0.163	0.000	0	1	YBHB_PAN
237.394	46.949	7.487	5.395	0.202	0.165	0.000	0	1	YELM_PAN
236.702	43.634	3.103	7.864	0.221	0.278	0.000	0	1	YONC_PAN
237.812	47.287	6.538	4.056	0.195	0.160	0.000	0	1	ZSE1_PAN
